0.0224964,0.009286
0.5090614,0.009122
0.9713769,0.009041
1.458568,0.009122
1.991778,0.009041
2.45921,0.008961
2.975729,0.008961
3.460095,0.008882
3.976943,0.008803
4.46417,0.008803
4.979988,0.008648
5.464815,0.008726
5.981155,0.008572
6.466473,0.008572
6.953714,0.008572
7.469882,0.008496
7.954763,0.008421
8.471066,0.008421
8.955341,0.008346
9.475083,0.008346
9.959703,0.008272
10.47572,0.008199
10.96067,0.008127
11.48154,0.008127
11.96656,0.008055
12.4499,0.008055
12.96422,0.007984
13.48185,0.007984
13.96652,0.007984
14.45404,0.007843
14.97052,0.007913
15.45562,0.007843
15.97281,0.007843
16.45919,0.007705
16.97685,0.007705
17.46549,0.007705
17.95133,0.007569
18.46848,0.007569
18.95395,0.007569
19.47088,0.007502
19.95943,0.007436
20.47699,0.007436
20.96257,0.007436
21.47981,0.00737
21.96422,0.00737
22.45253,0.00737
22.96958,0.00724
23.45537,0.007176
23.97218,0.007176
24.45808,0.007112
24.97777,0.00724
25.46249,0.007049
25.98002,0.007112
26.46567,0.007112
26.98236,0.006987
27.46663,0.006864
27.95452,0.006864
28.47153,0.006925
28.95685,0.006925
29.47321,0.006987
29.95763,0.006803
30.47745,0.006803
30.96238,0.006743
31.47938,0.006683
31.96425,0.006743
32.4807,0.006624
33.0023,0.006683
33.45307,0.006624
33.97058,0.006566
34.45584,0.006566
34.97197,0.006508
35.45998,0.006566
35.97701,0.006508
36.46133,0.006508
36.97837,0.00645
37.46315,0.006393
37.98049,0.006393
38.46775,0.006393
38.95274,0.006393
39.46944,0.00628
39.95546,0.00628
40.47121,0.00628
40.95905,0.006225
41.47679,0.00617
41.96124,0.006225
42.47833,0.006115
42.96266,0.006115
43.45031,0.006115
43.9673,0.006061
44.45241,0.006007
44.96872,0.006061
45.45399,0.005901
45.97335,0.005954
46.4575,0.005954
46.9749,0.005901
47.45964,0.005849
47.97572,0.005797
48.46148,0.005797
48.98069,0.005746
49.46502,0.005746
49.98135,0.005746
50.46675,0.005695
50.9511,0.005645
51.47091,0.005645
51.9561,0.005545
52.4721,0.005545
52.95781,0.005545
53.47367,0.005496
53.96217,0.005448
54.47882,0.0054
54.96377,0.005448
55.44814,0.0054
55.9646,0.005352
56.45308,0.005211
56.96884,0.005258
57.45424,0.005211
57.97028,0.005211
58.45522,0.005211
58.97532,0.005165
59.45965,0.005119
59.97629,0.005074
60.46124,0.005119
60.97733,0.005119
61.46174,0.005074
61.98063,0.00494
62.4662,0.004984
62.95066,0.004984
63.46715,0.004984
63.95248,0.00494
64.47159,0.00494
64.95646,0.00494
65.47275,0.004897
65.95767,0.00481
66.47359,0.004853
66.96098,0.00481
67.47802,0.00481
67.96297,0.00481
68.47948,0.00481
68.96445,0.00481
69.45269,0.00481
69.96929,0.004726
70.45387,0.004642
70.97089,0.004726
71.45556,0.004726
71.97227,0.004684
72.45939,0.004726
72.97575,0.004642
73.46104,0.004642
73.97765,0.004601
74.46189,0.004601
74.98112,0.004601
75.4662,0.004561
75.95074,0.004561
76.46702,0.004561
76.95232,0.00452
77.47131,0.00452
77.9556,0.00448
78.47221,0.00452
78.9576,0.00452
79.47356,0.00452
79.96075,0.00448
80.47726,0.004441
80.96282,0.004441
81.47873,0.004362
81.96336,0.004441
82.44876,0.004362
82.96809,0.004441
83.45258,0.004362
83.96856,0.004324
84.45414,0.004401
84.9696,0.004362
85.45782,0.004324
85.97347,0.004324
86.45841,0.004324
86.9746,0.004286
87.4601,0.004324
87.97836,0.004286
88.46326,0.004248
88.94861,0.00421
89.46519,0.004248
89.98157,0.00421
90.46813,0.00421
90.95373,0.00421
91.47051,0.004136
91.95483,0.004173
92.47137,0.004173
92.95679,0.004173
93.47629,0.004136
93.96075,0.004173
94.47646,0.004099
94.96109,0.004136
95.47812,0.004099
95.96552,0.004136
96.45062,0.004099
96.96683,0.004099
97.45129,0.004099
97.96745,0.004063
98.45544,0.004027
98.97171,0.004063
99.45635,0.004063
99.97273,0.003991
100.457,0.004027
100.9759,0.003991
101.4616,0.003991
101.9774,0.004063
102.4621,0.003991
102.9789,0.003956
103.4655,0.003991
103.9501,0.003921
104.4667,0.003956
104.9517,0.003991
105.4679,0.003956
105.9529,0.003921
106.4718,0.003921
106.9572,0.003956
107.474,0.003886
107.9588,0.003886
108.4773,0.003886
108.9652,0.003852
109.4514,0.003852
109.9702,0.003886
110.456,0.003818
110.9738,0.003852
111.4629,0.003852
111.9808,0.003852
112.4665,0.003852
112.9522,0.003852
113.4699,0.003818
113.9589,0.003784
114.4765,0.003784
114.9939,0.003818
115.4796,0.003784
115.9648,0.003751
116.451,0.003717
116.9706,0.003751
117.4571,0.003751
117.9748,0.003751
118.4605,0.003717
118.9782,0.003784
119.4664,0.003685
119.9513,0.00362
120.4688,0.003717
120.9551,0.003717
121.4716,0.003717
121.9603,0.003685
122.4767,0.003685
122.9628,0.003652
123.4482,0.003652
123.9652,0.003685
124.4531,0.003685
124.9705,0.003685
125.4556,0.003652
125.9726,0.003685
126.4581,0.003652
126.9756,0.003652
127.4636,0.00362
127.9802,0.00362
128.4659,0.00362
128.951,0.003556
129.4676,0.00362
129.956,0.003588
130.4729,0.00362
130.9582,0.003588
131.4753,0.003588
131.9611,0.003588
132.4804,0.003588
132.9664,0.003556
133.4516,0.003556
133.9684,0.003556
134.4532,0.003524
134.9729,0.003524
135.4587,0.003524
135.9754,0.003524
136.4604,0.003462
136.9772,0.003493
137.4627,0.003493
137.9507,0.003432
138.4671,0.003493
138.9529,0.003432
139.4703,0.003493
139.9558,0.003401
140.4754,0.003432
140.9603,0.003432
141.4774,0.003371
141.9629,0.003371
142.479,0.003371
142.9677,0.003401
143.4526,0.003341
143.969,0.003341
144.4549,0.003312
144.9718,0.003341
145.4592,0.003312
145.9765,0.003312
146.4613,0.003283
146.9788,0.003253
147.4637,0.003253
147.9516,0.003253
148.4683,0.003253
148.9535,0.003253
149.4705,0.003225
149.9556,0.003253
150.4723,0.003196
150.9607,0.003225
151.4773,0.003225
151.9619,0.003168
152.4787,0.003196
152.9647,0.00314
153.4524,0.003196
153.9693,0.003168
154.4545,0.00314
154.9709,0.00314
155.4561,0.003168
155.9758,0.00314
156.4611,0.003168
156.9773,0.003112
157.4629,0.003168
157.9795,0.00314
158.4679,0.00314
158.9526,0.00314
159.4702,0.00314
159.9552,0.003112
160.4719,0.003112
160.9571,0.003112
161.4773,0.003112
161.9623,0.003112
162.479,0.003085
162.9633,0.00314
163.4493,0.003112
163.9682,0.003085
164.4533,0.003057
164.97,0.003057
165.4547,0.003057
165.9714,0.003085
166.459,0.003085
166.9762,0.003057
167.4607,0.00303
167.9777,0.003057
168.4625,0.00303
168.9507,0.00303
169.4677,0.00303
169.9522,0.00303
170.469,0.003003
170.9542,0.00303
171.4736,0.00303
171.9589,0.002977
172.4753,0.00303
172.9608,0.00303
173.4775,0.002977
173.9626,0.00303
174.4503,0.00303
174.9665,0.003003
175.4517,0.002977
175.9679,0.00303
176.4534,0.002977
176.9731,0.003003
177.4575,0.00295
177.9745,0.002977
178.4595,0.002977
178.9763,0.003003
179.4633,0.002977
179.9807,0.002977
180.4656,0.00295
180.9817,0.002977
181.4674,0.00295
181.9547,0.002924
182.4711,0.002977
182.9563,0.00295
183.4728,0.00295
183.9583,0.00295
184.475,0.00295
184.9626,0.00295
185.4795,0.00295
185.964,0.00295
186.4802,0.002924
186.9657,0.00295
187.4533,0.002924
187.9703,0.002873
188.455,0.002924
188.9715,0.002924
189.457,0.002898
189.9756,0.002873
190.4612,0.002898
190.9777,0.002898
191.4621,0.002898
191.9795,0.002924
192.4665,0.002924
192.9518,0.002898
193.4689,0.002898
193.9533,0.002873
194.4704,0.002898
194.9576,0.002873
195.475,0.002898
195.9598,0.002873
196.4771,0.002898
196.9623,0.002898
197.4783,0.002847
197.9666,0.002873
198.4516,0.002873
198.9681,0.002873
199.4533,0.002847
199.9701,0.002873
200.4585,0.002873
200.9754,0.002822
201.4605,0.002873
201.977,0.002822
202.4623,0.002873
202.9815,0.002847
203.4666,0.002847
203.9515,0.002924
204.4689,0.002847
204.9544,0.002797
205.4732,0.002822
205.9586,0.002822
206.4756,0.002822
206.9606,0.002822
207.4774,0.002822
207.9628,0.002822
208.4821,0.002822
208.9673,0.002822
209.4527,0.002797
209.9691,0.002822
210.4545,0.002822
210.9733,0.002797
211.4585,0.002772
211.9759,0.002822
212.4608,0.002797
212.9775,0.002797
213.4647,0.002797
213.982,0.002797
214.4663,0.002797
214.9521,0.002797
215.4687,0.002797
215.9563,0.002772
216.4725,0.002797
216.9582,0.002772
217.4743,0.002772
217.9592,0.002772
218.4788,0.002772
218.9637,0.002772
219.48,0.002748
219.9648,0.002772
220.4503,0.002772
220.9664,0.002772
221.4547,0.002748
221.9713,0.002724
222.4557,0.002748
222.9727,0.002748
223.4572,0.002724
223.9767,0.002748
224.462,0.002772
224.9779,0.002748
225.4631,0.002748
225.9798,0.002772
226.468,0.0027
226.9522,0.002748
227.4695,0.002724
227.954,0.002724
228.4708,0.002724
228.9592,0.002748
229.4755,0.002676
229.9604,0.0027
230.4772,0.002724
230.9622,0.002724
231.4791,0.0027
231.9665,0.002676
232.4512,0.0027
232.9678,0.0027
233.4532,0.002724
233.9694,0.002724
234.4572,0.002724
234.9742,0.002724
235.4587,0.0027
235.9756,0.0027
236.46,0.0027
236.9789,0.002724
237.4642,0.002724
237.9807,0.0027
238.4658,0.002724
238.9511,0.002676
239.4703,0.0027
239.9547,0.002676
240.4715,0.0027
240.9565,0.0027
241.4737,0.002676
241.9583,0.0027
242.4772,0.002652
243.0433,0.002676
243.4788,0.002676
243.9638,0.002676
244.4501,0.002652
244.9691,0.002652
245.4536,0.002676
245.97,0.002652
246.456,0.002676
246.9725,0.002676
247.4601,0.002676
247.9774,0.002676
248.4619,0.002652
248.9791,0.002605
249.4637,0.002652
249.9516,0.002676
250.4677,0.002652
250.9536,0.002628
251.4704,0.002652
251.9557,0.002605
252.4726,0.002676
252.9601,0.002628
253.4769,0.002605
253.9613,0.002652
254.4777,0.002628
254.9636,0.002628
255.4512,0.002628
255.9681,0.002628
256.4534,0.002628
256.9697,0.002628
257.4548,0.002676
257.9742,0.002628
258.4593,0.002628
258.9753,0.002628
259.4612,0.002605
259.978,0.002628
260.465,0.002652
260.9498,0.002628
261.4658,0.002628
261.9515,0.002628
262.4678,0.002605
262.9536,0.002605
263.472,0.002605
263.9573,0.002605
264.4746,0.002652
264.9594,0.002605
265.4758,0.002582
265.9634,0.002628
266.4803,0.002605
266.9656,0.002582
267.4497,0.002605
267.9662,0.002582
268.4542,0.002582
268.9708,0.002605
269.4558,0.002582
269.9722,0.002605
270.4574,0.002582
270.9767,0.002582
271.4618,0.002582
271.9792,0.002582
272.4637,0.002582
272.981,0.002559
273.468,0.002582
273.9525,0.002582
274.4697,0.002582
274.9546,0.002582
275.471,0.002559
275.9565,0.002582
276.4755,0.002582
276.96,0.002582
277.4768,0.002559
277.962,0.002582
278.4789,0.002582
278.9673,0.002559
279.4519,0.002582
279.9682,0.002559
280.4531,0.002537
280.9701,0.002582
281.4577,0.002537
281.9738,0.002559
282.4591,0.002559
282.9756,0.002559
283.4602,0.002537
283.9798,0.002537
284.4648,0.002559
284.9494,0.002537
285.4656,0.002537
285.9512,0.002559
286.4703,0.002559
286.9548,0.002559
287.4714,0.002559
287.9567,0.002537
288.4733,0.002537
288.958,0.002514
289.4774,0.002537
289.9621,0.002537
290.4785,0.002537
290.9639,0.002537
291.4801,0.002514
291.9678,0.002514
292.4525,0.002537
292.9695,0.002514
293.4543,0.002514
293.9707,0.002514
294.4581,0.002492
294.9745,0.002492
295.4601,0.002514
295.976,0.002514
296.4611,0.002514
296.9971,0.00247
297.4655,0.002537
297.9508,0.00247
298.4677,0.002448
298.9837,0.00247
299.4683,0.00247
299.9555,0.00247
300.4725,0.00247
300.9573,0.002448
301.4742,0.00247
301.959,0.002448
302.4777,0.002448
302.9619,0.00247
303.4786,0.002426
303.9635,0.002426
304.4795,0.002426
304.9676,0.002405
305.4523,0.002426
305.969,0.002426
306.4538,0.002384
306.9706,0.002405
307.458,0.002426
307.9741,0.002384
308.4591,0.002384
308.9754,0.002363
309.4605,0.002363
309.9776,0.002363
310.4643,0.002363
310.9506,0.002363
311.4665,0.002363
311.9514,0.002342
312.4676,0.002342
